%YAML:1.0
---
GRAY_THRESHOLD_RED: 150
GRAY_THRESHOLD_BLUE: 45
MIN_CONTOUR_AREA: 5.
MAX_CONTOUR_AREA: 20000.
BIG_ACTIVE_FAN_AREA: 1000.
ACTIVE_FAN_CONCENTRICITY_RATIO: 8.0000000000000002e-02
MIN_FORCE_CONSTRUCT_ANGLE: 45.
INACTIVE_TARGET_ACCURACY: 9.4999999999999996e-01
ACTIVE_TARGET_ACCURACY: 8.0000000000000004e-01
INACTIVE_FAN_ACCURACY: 9.4999999999999996e-01
MIN_INACTIVE_FAN_ACCURACY: 8.0000000000000004e-01
ACTIVE_FAN_ACCURACY: 9.4999999999999996e-01
MIN_CENTER_ACCURACY: 8.0000000000000004e-01
MAX_DISTANCE_RATIO: 1.5000000000000000e+00
MAX_MATCH_DEVIATION_RATIO: 2.0000000000000001e-01
ESTIMATE_CENTER_VALID_TIME: 5.
CENTER_FORCE_CONSTRUCT_WINDOW_RATIO: 2.0000000000000001e-01
ENABLE_CENTER_FORCE_CONSTRUCT_WINDOW: 0
ENABLE_BINARY_DEBUG_VIEW: 1
